4	3	2	8.160
7.456	7.673	7.796	8.097
7.260	7.524	7.743	8.064
7.174	7.454	7.702	8.038
7.108	7.397	7.665	8.016
7.047	7.346	7.628	7.996
6.990	7.297	7.593	7.977
6.933	7.252	7.559	7.957
6.877	7.207	7.525	7.939
6.823	7.164	7.492	7.921
6.763	7.121	7.460	7.903
6.717	7.080	7.428	7.886
6.664	7.039	7.397	7.869
6.613	6.998	7.367	7.852
6.564	6.958	7.337	7.835
6.518	6.918	7.308	7.818
6.476	6.879	7.279	7.801
6.436	6.840	7.251	7.785
6.401	6.802	7.222	7.768
6.368	6.766	7.195	7.752
6.338	6.731	7.167	7.736
6.310	6.699	7.140	7.720
6.283	6.668	7.113	7.704
6.257	6.639	7.087	7.688
6.233	6.613	7.061	7.673
6.208	6.588	7.037	7.657
6.183	6.565	7.012	7.642
6.160	6.543	6.989	7.627
6.136	6.522	6.967	7.611
6.111	6.501	6.945	7.596
6.086	6.482	6.925	7.581
6.060	6.463	6.905	7.566
6.033	6.444	6.887	7.551
6.003	6.426	6.869	7.536
5.969	6.407	6.853	7.522
5.928	6.389	6.837	7.507
5.874	6.370	6.822	7.492
5.801	6.351	6.807	7.478
5.687	6.332	6.793	7.463
5.326	6.313	6.779	7.448
0	6.294	6.767	7.434
0	6.274	6.754	7.419
0	6.253	6.741	7.405
0	6.231	6.729	7.391
0	6.206	6.717	7.376
0	6.177	6.705	7.362
0	6.143	6.693	7.348
0	6.100	6.681	7.334
0	6.044	6.669	7.321
0	5.965	6.657	7.307
0	5.806	6.644	7.294
0	5.294	6.632	7.280
0	0	6.619	7.268
0	0	6.606	7.255
0	0	6.593	7.242
0	0	6.579	7.230
0	0	6.566	7.218
0	0	6.551	7.206
0	0	6.536	7.195
0	0	6.520	7.184
0	0	6.504	7.173
0	0	6.487	7.162
0	0	6.469	7.152
0	0	6.450	7.142
0	0	6.430	7.132
0	0	6.407	7.123
0	0	6.381	7.114
0	0	6.349	7.105
0	0	6.309	7.096
0	0	6.257	7.088
0	0	6.176	7.080
0	0	6.005	7.072
0	0	5.562	7.065
0	0	0	7.057
0	0	0	7.050
0	0	0	7.043
0	0	0	7.036
0	0	0	7.029
0	0	0	7.023
0	0	0	7.016
0	0	0	7.010
0	0	0	7.004
0	0	0	6.997
0	0	0	6.991
0	0	0	6.985
0	0	0	6.980
0	0	0	6.973
0	0	0	6.968
0	0	0	6.962
0	0	0	6.956
0	0	0	6.950
0	0	0	6.945
0	0	0	6.939
0	0	0	6.934
0	0	0	6.928
0	0	0	6.923
0	0	0	6.917
0	0	0	6.912
0	0	0	6.907
0	0	0	6.901
0	0	0	6.896
0	0	0	6.890
0	0	0	6.885
0	0	0	6.879
0	0	0	6.873
0	0	0	6.868
0	0	0	6.863
0	0	0	6.857
0	0	0	6.851
0	0	0	6.846
0	0	0	6.840
0	0	0	6.834
0	0	0	6.828
0	0	0	6.821
0	0	0	6.816
0	0	0	6.809
0	0	0	6.803
0	0	0	6.796
0	0	0	6.789
0	0	0	6.782
0	0	0	6.774
0	0	0	6.766
0	0	0	6.758
0	0	0	6.750
0	0	0	6.741
0	0	0	6.731
0	0	0	6.720
0	0	0	6.709
0	0	0	6.697
0	0	0	6.684
0	0	0	6.670
0	0	0	6.655
0	0	0	6.640
0	0	0	6.626
0	0	0	6.611
0	0	0	6.595
0	0	0	6.577
0	0	0	6.558
0	0	0	6.535
0	0	0	6.508
0	0	0	6.474
0	0	0	6.426
0	0	0	6.356
0	0	0	6.250
0	0	0	6.092
0	0	0	5.860
0	0	0	5.520